-0.3951934991
-2.0465896404
1.7904867173
2.4813631787
-0.2814288023
-0.5632617254
1.1426911104
0.3816258078
2.6630274339
2.7165091459
1.1877618384
-1.8147177234
0.5143660644
2.5297060830
-3.0887242697
-2.2773581663
1.1080737898
1.5194526286
-0.4906799322
0.6498506336
0.8522445521
2.5901276256
-1.8915625709
-0.7265588347
0.2452229431
-2.3465156790
-1.4284623025
2.5789916469
-1.3459963621
1.3219691234
2.7436135691
-0.2554052141
-0.7153448457
-2.8954466493
0.5038497987
-0.0653921104
-1.1945727831
-2.8062452192
2.4408483815
-1.6982976358
1.3314490950
2.9055238809
1.8770723322
-0.5352853269
2.1166445939
-0.6769691698
2.1587638162
-1.2380029312
-1.0171870871
-1.3328529633
